%YAML:1.0
---
image_width: 1920
image_height: 1080
pattern_cols: 11
pattern_rows: 8
square_size_mm: 30.
K1: !!opencv-matrix
   rows: 3
   cols: 3
   dt: d
   data: [ 1.0119643064892448e+03, 0., 9.7743351088589282e+02, 0.,
       1.0113859406428959e+03, 5.3153146694937232e+02, 0., 0., 1. ]
D1: !!opencv-matrix
   rows: 1
   cols: 5
   dt: d
   data: [ 7.3912384800079611e-02, -1.3057352439699582e-01,
       -6.0012717035356946e-04, -1.2580375884594258e-03,
       5.0739937001894352e-02 ]
K2: !!opencv-matrix
   rows: 3
   cols: 3
   dt: d
   data: [ 1.0104434948889591e+03, 0., 9.8538432833259492e+02, 0.,
       1.0097400582108708e+03, 5.1133380426152058e+02, 0., 0., 1. ]
D2: !!opencv-matrix
   rows: 1
   cols: 5
   dt: d
   data: [ 6.9282206422639894e-02, -1.1788502787687455e-01,
       3.5114336417123079e-03, 7.5372201324124520e-04,
       3.8874822354617061e-02 ]
R: !!opencv-matrix
   rows: 3
   cols: 3
   dt: d
   data: [ 9.9999989348035057e-01, 3.0599205683402831e-04,
       3.4555484183289965e-04, -3.0425067859087961e-04,
       9.9998731210087366e-01, -5.0282272019405837e-03,
       -3.4708905505168090e-04, 5.0281215310404668e-03,
       9.9998729868086667e-01 ]
T: !!opencv-matrix
   rows: 3
   cols: 1
   dt: d
   data: [ -6.5422696816986800e+01, -1.5119320443491855e+00,
       -4.7277016344834383e-01 ]
E: !!opencv-matrix
   rows: 3
   cols: 3
   dt: d
   data: [ 3.8093442152883515e-04, 4.6516198692253791e-01,
       -1.5142900366138992e+00, -4.9547761510617233e-01,
       3.2880860656950062e-01, 6.5421702494416905e+01,
       1.5318367832005277e+00, -6.5421404101212971e+01,
       3.2948263919793186e-01 ]
F: !!opencv-matrix
   rows: 3
   cols: 3
   dt: d
   data: [ 2.2401805660561326e-10, 2.7370662341729667e-07,
       -1.0468733545311926e-03, -2.9158104809074329e-07,
       1.9360952221945423e-07, 3.9142391365926663e-02,
       1.0591174734252537e-03, -3.9265425551356814e-02, 1. ]
R1: !!opencv-matrix
   rows: 3
   cols: 3
   dt: d
   data: [ 9.9969733444308317e-01, 2.3445368661516201e-02,
       7.4534687038940216e-03, -2.3426544879001251e-02,
       9.9972217243349148e-01, -2.6028714705861248e-03,
       -7.5124232060284034e-03, 2.4274746519468930e-03,
       9.9996883494656363e-01 ]
R2: !!opencv-matrix
   rows: 3
   cols: 3
   dt: d
   data: [ 9.9970697763445249e-01, 2.3103434862571857e-02,
       7.2242761948325095e-03, -2.3121534774651089e-02,
       9.9972970343072154e-01, 2.4320172668563789e-03,
       -7.1661355452520576e-03, -2.5983409846642960e-03,
       9.9997094714070300e-01 ]
P1: !!opencv-matrix
   rows: 3
   cols: 4
   dt: d
   data: [ 1.0703476609381107e+03, 0., 9.6796950531005859e+02, 0., 0.,
       1.0703476609381107e+03, 5.2324459457397461e+02, 0., 0., 0., 1.,
       0. ]
P2: !!opencv-matrix
   rows: 3
   cols: 4
   dt: d
   data: [ 1.0703476609381107e+03, 0., 9.6796950531005859e+02,
       -7.0045555424671620e+04, 0., 1.0703476609381107e+03,
       5.2324459457397461e+02, 0., 0., 0., 1., 0. ]
Q: !!opencv-matrix
   rows: 4
   cols: 4
   dt: d
   data: [ 1., 0., 0., -9.6796950531005859e+02, 0., 1., 0.,
       -5.2324459457397461e+02, 0., 0., 0., 1.0703476609381107e+03, 0.,
       0., 1.5280736292956997e-02, 0. ]
