%YAML:1.0
---
image_width: 1920
image_height: 1080
pattern_cols: 11
pattern_rows: 8
square_size_mm: 30.
K1: !!opencv-matrix
   rows: 3
   cols: 3
   dt: d
   data: [ 1.0189432961068620e+03, 0., 9.6934392545335140e+02, 0.,
       1.0216250088075757e+03, 5.3675240928353548e+02, 0., 0., 1. ]
D1: !!opencv-matrix
   rows: 1
   cols: 5
   dt: d
   data: [ 7.1245393406224336e-02, -1.2883283935515774e-01,
       3.2348816471439943e-04, 3.5211812049534613e-04,
       5.0097061504128002e-02 ]
K2: !!opencv-matrix
   rows: 3
   cols: 3
   dt: d
   data: [ 1.0194229597132535e+03, 0., 9.7111517122350449e+02, 0.,
       1.0217466283882903e+03, 5.0643934730106048e+02, 0., 0., 1. ]
D2: !!opencv-matrix
   rows: 1
   cols: 5
   dt: d
   data: [ 5.5273234242178268e-02, -5.9145816519831501e-02,
       7.7552972376523682e-04, -1.4476838672841129e-04,
       -2.3081171625604930e-02 ]
R: !!opencv-matrix
   rows: 3
   cols: 3
   dt: d
   data: [ 9.9998407931721633e-01, -1.0209846984676582e-04,
       5.6418691939499506e-03, 8.9313022138713772e-05,
       9.9999742777414968e-01, 2.2663777858872979e-03,
       -5.6420860754921986e-03, -2.2658378112172788e-03,
       9.9998151625104059e-01 ]
T: !!opencv-matrix
   rows: 3
   cols: 1
   dt: d
   data: [ -6.5327228104010572e+01, -2.7112414825026138e-01,
       1.0509189524798278e-02 ]
E: !!opencv-matrix
   rows: 3
   cols: 3
   dt: d
   data: [ 1.5287671740957939e-03, -9.8948391461497961e-03,
       -2.7114295465325500e-01, -3.5807282182481515e-01,
       -1.4802197651225302e-01, 6.5326079903398721e+01,
       2.6528525959878779e-01, -6.5327087748986386e+01,
       -1.4652653160877288e-01 ]
F: !!opencv-matrix
   rows: 3
   cols: 3
   dt: d
   data: [ 9.2497184508384862e-10, -5.9711008162865825e-09,
       -1.6485282275329242e-04, -2.1615720734606643e-07,
       -8.9121617830541490e-08, 4.0439683978398588e-02,
       2.7219915786445007e-04, -4.0136787255315345e-02, 1. ]
R1: !!opencv-matrix
   rows: 3
   cols: 3
   dt: d
   data: [ 9.9997673265280751e-01, 4.0484676830460087e-03,
       5.4903608656308445e-03, -4.0546539296438837e-03,
       9.9999115702947772e-01, 1.1160843863487352e-03,
       -5.4857938829618660e-03, -1.1383199312848156e-03,
       9.9998430502343771e-01 ]
R2: !!opencv-matrix
   rows: 3
   cols: 3
   dt: d
   data: [ 9.9999137489593182e-01, 4.1502114454363666e-03,
       -1.6086858706837763e-04, -4.1503901416602871e-03,
       9.9999075216183775e-01, -1.1268773110686568e-03,
       1.5619032026771909e-04, 1.1275352590324472e-03,
       9.9999935213420188e-01 ]
P1: !!opencv-matrix
   rows: 3
   cols: 4
   dt: d
   data: [ 1.0856061596310351e+03, 0., 9.8141023254394531e+02, 0., 0.,
       1.0856061596310351e+03, 5.0828334808349609e+02, 0., 0., 0., 1.,
       0. ]
P2: !!opencv-matrix
   rows: 3
   cols: 4
   dt: d
   data: [ 1.0856061596310351e+03, 0., 9.8141023254394531e+02,
       -7.0920252915897509e+04, 0., 1.0856061596310351e+03,
       5.0828334808349609e+02, 0., 0., 0., 1., 0. ]
Q: !!opencv-matrix
   rows: 4
   cols: 4
   dt: d
   data: [ 1., 0., 0., -9.8141023254394531e+02, 0., 1., 0.,
       -5.0828334808349609e+02, 0., 0., 0., 1.0856061596310351e+03, 0.,
       0., 1.5307420870571731e-02, 0. ]
