%YAML:1.0
---
image_width: 1920
image_height: 1080
pattern_cols: 11
pattern_rows: 8
square_size_mm: 30.
K1: !!opencv-matrix
   rows: 3
   cols: 3
   dt: d
   data: [ 1.0172340228358696e+03, 0., 9.9218273889428428e+02, 0.,
       1.0140218515271475e+03, 5.1696392323553005e+02, 0., 0., 1. ]
D1: !!opencv-matrix
   rows: 1
   cols: 5
   dt: d
   data: [ 5.4072477493528344e-02, -8.2293326257662072e-02,
       -3.0516510548888134e-03, 1.8499448727921513e-03,
       5.0915848111621944e-03 ]
K2: !!opencv-matrix
   rows: 3
   cols: 3
   dt: d
   data: [ 1.0123638205868191e+03, 0., 9.9491040693623904e+02, 0.,
       1.0103615402941674e+03, 4.8756026599926776e+02, 0., 0., 1. ]
D2: !!opencv-matrix
   rows: 1
   cols: 5
   dt: d
   data: [ 6.9816073612018928e-02, -1.1895411274802077e-01,
       -1.1780753667480811e-03, 2.7162981549066463e-03,
       4.1996711909858334e-02 ]
R: !!opencv-matrix
   rows: 3
   cols: 3
   dt: d
   data: [ 9.9999850098356269e-01, 6.0828132893499415e-05,
       1.7304134089309816e-03, -6.2088288271755431e-05,
       9.9999973293844047e-01, 7.2819509215686943e-04,
       -1.7303686520562414e-03, -7.2830143898701643e-04,
       9.9999823769911822e-01 ]
T: !!opencv-matrix
   rows: 3
   cols: 1
   dt: d
   data: [ -6.4297186568255000e+01, 5.7295605493727702e-03,
       -1.4008415976812922e+00 ]
E: !!opencv-matrix
   rows: 3
   cols: 3
   dt: d
   data: [ -9.6890108904595292e-05, 1.4008370507231576e+00,
       6.7496364284838663e-03, -1.5120973338498314e+00,
       -4.6912944079343280e-02, 6.4294649222182002e+01,
       -1.7374497059546700e-03, -6.4297169745466547e+01,
       -4.6830810206899796e-02 ]
F: !!opencv-matrix
   rows: 3
   cols: 3
   dt: d
   data: [ -5.5990167734467784e-11, 8.1207007673789657e-07,
       -4.1578772825797658e-04, -8.7553171399566529e-07,
       -2.7249490490675375e-08, 3.8752123766079179e-02,
       4.2591374188940471e-04, -3.8528782870226319e-02, 1. ]
R1: !!opencv-matrix
   rows: 3
   cols: 3
   dt: d
   data: [ 9.9972356052169731e-01, -4.4139453234936255e-05,
       2.3511711752415797e-02, 3.5569363135267927e-05,
       9.9999993278370025e-01, 3.6492110822382838e-04,
       -2.3511726279463723e-02, -3.6398393300979812e-04,
       9.9972349489399115e-01 ]
R2: !!opencv-matrix
   rows: 3
   cols: 3
   dt: d
   data: [ 9.9976274421600830e-01, -8.9089452956292456e-05,
       2.1781812154764893e-02, 9.7028902997072427e-05,
       9.9999992924747771e-01, -3.6344247298711476e-04,
       -2.1781778234755647e-02, 3.6546970949691342e-04,
       9.9976268212452457e-01 ]
P1: !!opencv-matrix
   rows: 3
   cols: 4
   dt: d
   data: [ 1.0654675409881916e+03, 0., 9.6969419860839844e+02, 0., 0.,
       1.0654675409881916e+03, 4.9290317535400391e+02, 0., 0., 0., 1.,
       0. ]
P2: !!opencv-matrix
   rows: 3
   cols: 4
   dt: d
   data: [ 1.0654675409881916e+03, 0., 9.6969419860839844e+02,
       -6.8522822701358964e+04, 0., 1.0654675409881916e+03,
       4.9290317535400391e+02, 0., 0., 0., 1., 0. ]
Q: !!opencv-matrix
   rows: 4
   cols: 4
   dt: d
   data: [ 1., 0., 0., -9.6969419860839844e+02, 0., 1., 0.,
       -4.9290317535400391e+02, 0., 0., 0., 1.0654675409881916e+03, 0.,
       0., 1.5549090054736769e-02, 0. ]
