%YAML:1.0
---
image_width: 1920
image_height: 1080
pattern_cols: 11
pattern_rows: 8
square_size_mm: 30.
K1: !!opencv-matrix
   rows: 3
   cols: 3
   dt: d
   data: [ 1.0273294026339759e+03, 0., 9.7258331963428134e+02, 0.,
       1.0253238406354167e+03, 5.1759498602686654e+02, 0., 0., 1. ]
D1: !!opencv-matrix
   rows: 1
   cols: 5
   dt: d
   data: [ 8.9455408795152722e-02, -1.2950527161593445e-01,
       -4.1663839994225092e-03, -4.4959587281577836e-03,
       4.6656586851546368e-02 ]
K2: !!opencv-matrix
   rows: 3
   cols: 3
   dt: d
   data: [ 1.0235243203000368e+03, 0., 9.7575732508248780e+02, 0.,
       1.0233320886484654e+03, 4.8899372460110737e+02, 0., 0., 1. ]
D2: !!opencv-matrix
   rows: 1
   cols: 5
   dt: d
   data: [ 7.8490938048246778e-02, -8.5272612413486770e-02,
       -4.4815682980161890e-03, -3.0404309353711792e-03,
       2.1056596802306016e-03 ]
R: !!opencv-matrix
   rows: 3
   cols: 3
   dt: d
   data: [ 9.9999128866955778e-01, 6.0580408838770377e-04,
       4.1298409658831903e-03, -6.0572849031340775e-04,
       9.9999981635526092e-01, -1.9556085395682608e-05,
       -4.1298520546161101e-03, 1.7054352702650567e-05,
       9.9999147197921445e-01 ]
T: !!opencv-matrix
   rows: 3
   cols: 1
   dt: d
   data: [ -6.5642942811925195e+01, -3.6848749570184741e-01,
       -1.3340557693409938e+00 ]
E: !!opencv-matrix
   rows: 3
   cols: 3
   dt: d
   data: [ 7.1372325406780757e-04, 1.3340492400329518e+00,
       -3.6851044214137268e-01, -1.6051397901832356e+00,
       3.1132145995051543e-04, 6.5636873569377471e+01,
       4.0824608633470533e-01, -6.5642707525712680e+01,
       2.8055137504191144e-03 ]
F: !!opencv-matrix
   rows: 3
   cols: 3
   dt: d
   data: [ 4.0959376535289386e-10, 7.6708592244156399e-07,
       -6.1469980815116591e-04, -9.2133575440723213e-07,
       1.7904524235828620e-10, 3.9600590729125910e-02,
       6.8992470577390792e-04, -3.9381432365873353e-02, 1. ]
R1: !!opencv-matrix
   rows: 3
   cols: 3
   dt: d
   data: [ 9.9968178705496857e-01, 6.2182804309827647e-03,
       2.4447037020185594e-02, -6.2179902255479333e-03,
       9.9998066424964083e-01, -8.7888577124139097e-05,
       -2.4447110834199991e-02, -6.4150827393937137e-05,
       9.9970112266443500e-01 ]
R2: !!opencv-matrix
   rows: 3
   cols: 3
   dt: d
   data: [ 9.9977780793127302e-01, 5.6122654610166779e-03,
       2.0318396701852981e-02, -5.6125066497142041e-03,
       9.9998424874104141e-01, -4.5154424955922693e-05,
       -2.0318330080144498e-02, -6.8892744599843890e-05,
       9.9979355904933898e-01 ]
P1: !!opencv-matrix
   rows: 3
   cols: 4
   dt: d
   data: [ 1.0958409378868330e+03, 0., 9.1971925354003906e+02, 0., 0.,
       1.0958409378868330e+03, 4.9061124038696289e+02, 0., 0., 0., 1.,
       0. ]
P2: !!opencv-matrix
   rows: 3
   cols: 4
   dt: d
   data: [ 1.0958409378868330e+03, 0., 9.1971925354003906e+02,
       -7.1950210782851049e+04, 0., 1.0958409378868330e+03,
       4.9061124038696289e+02, 0., 0., 0., 1., 0. ]
Q: !!opencv-matrix
   rows: 4
   cols: 4
   dt: d
   data: [ 1., 0., 0., -9.1971925354003906e+02, 0., 1., 0.,
       -4.9061124038696289e+02, 0., 0., 0., 1.0958409378868330e+03, 0.,
       0., 1.5230545205685776e-02, 0. ]
